%YAML:1.0
camera_matrix: !!opencv-matrix
   rows: 3
   cols: 3
   dt: d
   data: [ 606.06624338, 0., 312.37132488, 0., 617.53064192, 233.5127598, 0., 0., 1. ]
distortion_coefficients: !!opencv-matrix
   rows: 5
   cols: 1
   dt: d
   data: [  -5.39665947e-02, 8.27101458e-01,
       2.19563603e-03, -2.46133779e-03, -2.53485538e+00 ]
